======= TABLE 26 size: 256 values ======
flen: 256
lenmask: 255
lobits: 16
lomask: 65535
lodiv: 0.000000
cvtbas: 0.000000
cpscvt: 0.000000
loopmode1: 0
loopmode2: 0
begin1: 0
end1: 0
begin2: 0
end2: 0
soundend: 0
flenfrms: 256
nchnls: 1
fno: 26
gen01args.gen01: 0.000000
gen01args.ifilno: 0.000000
gen01args.iskptim: 0.000000
gen01args.iformat: 0.000000
gen01args.channel: 0.000000
gen01args.sample_rate: 0.000000
---------END OF HEADER--------------
0.271000
0.000000
0.000000
0.000000
0.000000
0.000000
0.000000
0.000000
0.000000
82.000000
0.684000
0.369000
0.508000
0.554000
0.500000
0.435000
0.000000
0.000000
0.387000
0.000000
0.000000
0.000000
0.000000
0.000000
0.000000
0.000000
19.000000
0.626000
0.459000
0.551000
0.477000
0.500000
0.604000
0.000000
0.000000
0.000000
0.705000
0.000000
0.000000
0.000000
0.000000
0.000000
0.000000
15.000000
0.919000
0.000000
0.000000
0.000000
0.500000
0.000000
0.688000
0.000000
0.000000
0.000000
0.000000
0.000000
0.000000
0.000000
0.000000
0.000000
0.000000
0.000000
0.000000
0.000000
0.000000
0.500000
0.000000
0.000000
0.000000
0.000000
0.000000
0.000000
0.000000
0.000000
0.000000
0.000000
0.000000
0.000000
0.000000
0.000000
0.000000
0.000000
0.500000
0.000000
0.000000
0.000000
0.000000
0.000000
0.000000
0.000000
0.000000
0.000000
0.000000
0.000000
0.000000
0.000000
0.000000
0.000000
0.000000
0.500000
0.000000
0.000000
0.000000
0.000000
0.000000
0.000000
0.000000
0.000000
0.000000
0.000000
0.000000
0.000000
0.000000
0.000000
0.000000
0.000000
0.500000
0.000000
0.000000
0.000000
0.000000
0.000000
0.000000
0.000000
0.000000
0.000000
0.000000
0.000000
0.000000
0.000000
0.000000
0.000000
0.000000
0.500000
0.000000
0.000000
-1.000000
0.000000
0.000000
0.000000
-1.000000
0.000000
0.000000
0.000000
-1.000000
0.000000
0.000000
0.000000
-1.000000
0.000000
0.000000
0.000000
-1.000000
0.000000
0.000000
0.000000
-1.000000
0.000000
0.000000
0.000000
-1.000000
0.000000
0.000000
0.000000
-1.000000
0.000000
0.000000
0.000000
-1.000000
0.000000
0.000000
0.000000
-1.000000
0.000000
0.000000
0.000000
-1.000000
0.000000
0.000000
0.000000
-1.000000
0.000000
0.000000
0.000000
0.000000
0.000000
0.000000
0.000000
0.000000
0.000000
0.000000
0.000000
0.000000
0.000000
0.000000
0.000000
0.000000
0.000000
0.000000
0.000000
0.000000
0.000000
0.000000
0.000000
0.000000
0.000000
0.000000
0.000000
0.000000
0.000000
0.000000
0.000000
0.000000
0.000000
0.000000
0.000000
0.000000
0.000000
0.000000
0.000000
0.000000
0.000000
0.000000
0.000000
0.000000
0.000000
0.000000
0.000000
0.000000
0.000000
0.000000
0.000000
0.000000
0.000000
0.000000
0.000000
0.000000
0.000000
0.000000
0.000000
0.000000
0.000000
0.000000
0.000000
0.000000
0.000000
0.000000
0.000000
0.000000
0.000000
0.000000
0.000000
0.000000
0.000000
0.000000
0.000000
0.000000
---------END OF TABLE---------------
