======= TABLE 32 size: 128 values ======
flen: 128
lenmask: 127
lobits: 17
lomask: 131071
lodiv: 0.000000
cvtbas: 0.000000
cpscvt: 0.000000
loopmode1: 0
loopmode2: 0
begin1: 0
end1: 0
begin2: 0
end2: 0
soundend: 0
flenfrms: 128
nchnls: 1
fno: 32
gen01args.gen01: 0.000000
gen01args.ifilno: 0.000000
gen01args.iskptim: 0.000000
gen01args.iformat: 0.000000
gen01args.channel: 0.000000
gen01args.sample_rate: 0.000000
---------END OF HEADER--------------
0.492000
0.000000
0.000000
0.000000
0.000000
0.000000
0.000000
0.000000
71.000000
0.132000
0.006000
0.124000
0.116000
0.415000
0.424000
0.036000
0.000000
0.424000
0.000000
0.000000
0.331000
0.000000
0.000000
0.000000
61.000000
0.367000
0.116000
0.903000
0.548000
0.501000
0.544000
0.664000
0.000000
0.483000
0.000000
0.000000
0.376000
0.000000
0.000000
0.000000
61.000000
0.391000
0.320000
0.839000
0.580000
0.469000
0.514000
0.648000
0.000000
0.000000
0.449000
0.362000
0.000000
0.000000
0.000000
0.000000
5.000000
0.697000
0.020000
0.957000
0.000000
0.000000
0.529000
0.000000
0.000000
0.000000
0.000000
0.000000
0.000000
0.000000
0.000000
0.000000
0.000000
0.000000
0.000000
0.000000
0.000000
0.000000
0.000000
0.000000
0.000000
0.000000
0.000000
0.000000
0.000000
0.000000
0.000000
0.000000
0.000000
0.000000
0.000000
0.000000
0.000000
0.000000
0.000000
0.000000
0.000000
0.289000
0.243000
0.287000
0.391000
0.000000
0.000000
0.000000
42.000000
0.287000
0.412000
0.633000
0.956000
0.468000
0.000000
0.275000
0.000000
0.000000
0.000000
0.000000
0.000000
0.000000
0.000000
0.000000
0.000000
0.000000
0.000000
0.000000
0.000000
0.000000
0.000000
0.000000
0.000000
---------END OF TABLE---------------
