======= TABLE 18 size: 128 values ======
flen: 128
lenmask: 127
lobits: 17
lomask: 131071
lodiv: 0.000000
cvtbas: 0.000000
cpscvt: 0.000000
loopmode1: 0
loopmode2: 0
begin1: 0
end1: 0
begin2: 0
end2: 0
soundend: 0
flenfrms: 128
nchnls: 1
fno: 18
gen01args.gen01: 0.000000
gen01args.ifilno: 0.000000
gen01args.iskptim: 0.000000
gen01args.iformat: 0.000000
gen01args.channel: 0.000000
gen01args.sample_rate: 0.000000
---------END OF HEADER--------------
0.544000
0.000000
0.000000
0.000000
0.000000
0.000000
0.000000
0.000000
19.000000
0.061000
0.431000
0.478000
0.659000
0.486000
0.604000
0.499000
0.006000
0.707000
0.000000
0.481000
0.000000
0.000000
0.411000
0.000000
31.000000
0.147000
0.305000
0.000000
1.000000
0.000000
0.529000
0.000000
0.000000
0.000000
0.512000
0.000000
0.000000
0.000000
0.000000
0.000000
11.000000
0.147000
0.501000
0.000000
0.000000
0.485000
0.469000
0.768000
0.000000
0.379000
0.000000
0.000000
0.000000
0.465000
0.277000
0.000000
31.000000
0.083000
0.296000
0.000000
1.000000
0.000000
0.469000
0.000000
0.000000
0.000000
0.000000
0.000000
0.555000
0.000000
0.000000
0.000000
10.000000
0.272000
0.067000
0.909000
0.000000
0.461000
0.469000
0.634000
0.000000
0.200000
0.094000
0.556000
0.000000
0.405000
0.000000
0.000000
20.000000
0.830000
0.358000
0.775000
0.987000
0.562000
0.305000
0.469000
0.000000
0.000000
0.000000
0.000000
0.000000
0.000000
0.000000
0.000000
0.000000
0.000000
0.000000
0.000000
0.000000
0.000000
0.000000
0.000000
0.000000
0.000000
0.000000
0.000000
0.000000
0.000000
0.000000
0.000000
0.000000
0.000000
0.000000
0.000000
0.000000
0.000000
0.000000
0.000000
0.000000
---------END OF TABLE---------------
