======= TABLE 34 size: 256 values ======
flen: 256
lenmask: 255
lobits: 16
lomask: 65535
lodiv: 0.000000
cvtbas: 0.000000
cpscvt: 0.000000
loopmode1: 0
loopmode2: 0
begin1: 0
end1: 0
begin2: 0
end2: 0
soundend: 0
flenfrms: 256
nchnls: 1
fno: 34
gen01args.gen01: 0.000000
gen01args.ifilno: 0.000000
gen01args.iskptim: 0.000000
gen01args.iformat: 0.000000
gen01args.channel: 0.000000
gen01args.sample_rate: 0.000000
---------END OF HEADER--------------
0.608000
0.000000
0.000000
0.000000
0.000000
0.000000
0.173000
0.000000
0.000000
50.000000
0.183000
0.081000
0.165000
0.888000
0.500000
0.570000
0.000000
0.000000
0.640000
0.000000
0.000000
0.000000
0.000000
0.000000
0.000000
0.000000
25.000000
0.576020
0.375000
0.885000
0.000000
0.500000
0.503000
0.014000
0.000000
0.000000
0.469000
0.000000
0.498000
0.344000
0.000000
0.000000
0.000000
17.000000
0.196000
0.558000
0.975000
0.000000
0.500000
0.553000
0.452000
0.000000
0.000000
0.000000
0.568000
0.000000
0.000000
0.392000
0.000000
0.000000
30.000000
0.165000
0.314000
1.000000
0.000000
0.314000
0.368000
0.368000
0.000000
0.000000
0.000000
0.264000
0.000000
0.000000
0.375000
0.000000
0.000000
30.000000
0.227000
0.000000
0.951000
0.000000
0.747000
0.351000
0.419000
0.541000
0.000000
0.000000
0.000000
0.000000
0.000000
0.000000
0.000000
0.000000
4.000000
0.113000
0.000000
0.000000
0.000000
0.500000
0.503000
0.503000
0.000000
0.000000
0.000000
0.000000
0.000000
0.000000
0.000000
0.000000
0.000000
0.000000
0.000000
0.000000
0.000000
0.000000
0.500000
0.000000
0.000000
0.000000
0.000000
0.000000
0.000000
0.000000
0.000000
0.000000
0.000000
0.000000
0.000000
0.000000
0.000000
0.000000
0.000000
0.500000
0.000000
0.000000
-1.000000
0.000000
0.000000
0.000000
-1.000000
0.000000
0.000000
0.000000
-1.000000
0.000000
0.000000
0.000000
-1.000000
0.000000
0.000000
0.000000
-1.000000
0.000000
0.000000
0.000000
-1.000000
0.000000
0.000000
0.000000
-1.000000
0.000000
0.000000
0.000000
-1.000000
0.000000
0.000000
0.000000
25.000000
1.000000
0.000000
1.000000
58.000000
0.000000
0.000000
0.900000
74.000000
0.000000
0.000000
0.900000
-1.000000
0.000000
0.000000
0.000000
0.000000
0.000000
0.000000
0.000000
0.000000
0.000000
0.000000
0.000000
0.000000
0.000000
0.000000
0.000000
0.000000
0.000000
0.000000
0.000000
0.000000
0.000000
0.000000
0.000000
0.000000
0.000000
0.000000
0.000000
0.000000
0.000000
0.000000
0.000000
0.000000
0.000000
0.000000
0.000000
0.000000
0.000000
0.000000
0.000000
0.000000
0.000000
0.000000
0.000000
0.000000
0.000000
0.000000
0.000000
0.000000
0.000000
0.000000
0.000000
0.000000
0.000000
0.000000
0.000000
0.000000
0.000000
0.000000
0.000000
0.000000
0.000000
0.000000
0.000000
0.000000
0.000000
0.000000
0.000000
0.000000
0.000000
0.000000
0.000000
0.000000
0.000000
0.000000
0.000000
0.000000
---------END OF TABLE---------------
