======= TABLE 15 size: 128 values ======
flen: 128
lenmask: 127
lobits: 17
lomask: 131071
lodiv: 0.000000
cvtbas: 0.000000
cpscvt: 0.000000
loopmode1: 0
loopmode2: 0
begin1: 0
end1: 0
begin2: 0
end2: 0
soundend: 0
flenfrms: 128
nchnls: 1
fno: 15
gen01args.gen01: 0.000000
gen01args.ifilno: 0.000000
gen01args.iskptim: 0.000000
gen01args.iformat: 0.000000
gen01args.channel: 0.000000
gen01args.sample_rate: 0.000000
---------END OF HEADER--------------
0.514000
0.000000
0.000000
0.000000
0.436000
0.000000
0.000000
0.455000
10.000000
0.470000
0.000000
0.557000
0.000000
0.478000
0.492000
0.761000
0.000000
0.438000
0.000000
0.000000
0.000000
0.000000
0.000000
0.000000
31.000000
0.273000
0.596000
0.013000
1.000000
0.407000
0.731000
0.000000
0.000000
0.050000
0.452000
0.000000
0.000000
0.000000
0.000000
0.000000
25.000000
0.603000
0.776000
1.000000
0.000000
0.422000
0.647000
0.000000
0.000000
0.000000
0.000000
1.000000
0.000000
0.000000
0.000000
0.000000
9.000000
0.453000
0.894000
0.784000
0.000000
0.500000
0.741000
0.000000
0.000000
0.000000
0.000000
0.000000
0.391000
0.000000
0.000000
0.000000
40.000000
0.221000
0.823000
0.787000
1.000000
0.044000
0.000000
0.469000
0.000000
0.000000
0.000000
0.000000
0.383000
0.000000
0.000000
0.000000
40.000000
0.240000
0.869000
0.767000
1.000000
1.000000
0.000000
0.462000
0.000000
0.000000
0.000000
0.672000
0.000000
0.000000
0.000000
0.000000
31.000000
0.232000
0.145000
0.000000
1.000000
0.000000
0.594000
0.000000
0.000000
0.000000
0.000000
0.000000
0.000000
0.000000
0.000000
0.000000
0.000000
0.000000
0.000000
0.000000
0.000000
0.000000
0.000000
0.000000
0.000000
---------END OF TABLE---------------
