======= TABLE 36 size: 256 values ======
flen: 256
lenmask: 255
lobits: 16
lomask: 65535
lodiv: 0.000000
cvtbas: 0.000000
cpscvt: 0.000000
loopmode1: 0
loopmode2: 0
begin1: 0
end1: 0
begin2: 0
end2: 0
soundend: 0
flenfrms: 256
nchnls: 1
fno: 36
gen01args.gen01: 0.000000
gen01args.ifilno: 0.000000
gen01args.iskptim: 0.000000
gen01args.iformat: 0.000000
gen01args.channel: 0.000000
gen01args.sample_rate: 0.000000
---------END OF HEADER--------------
0.000000
0.000000
0.623000
0.000000
0.000000
0.000000
0.000000
0.000000
0.000000
9.000000
0.711900
1.000000
0.776800
0.000000
0.500000
0.590000
0.000000
0.692000
0.000000
0.000000
0.000000
0.000000
0.000000
0.000000
0.000000
0.000000
8.000000
0.161700
0.208100
0.978000
0.000000
0.500000
0.343000
0.000000
0.000000
0.487000
0.000000
0.000000
0.000000
0.000000
0.000000
0.000000
0.000000
17.000000
0.400000
0.000000
1.000000
0.000000
0.500000
0.484000
0.000000
0.000000
0.000000
0.000000
0.442000
0.000000
0.000000
0.000000
0.000000
0.000000
41.000000
0.360000
0.944300
0.313600
0.304300
0.500000
0.531000
0.496000
0.000000
0.000000
0.000000
0.000000
0.649000
0.000000
0.000000
0.000000
0.000000
43.000000
0.384900
0.922900
0.533300
0.282900
0.500000
0.496000
0.731000
0.000000
0.000000
0.000000
0.000000
0.000000
0.000000
0.000000
0.000000
0.000000
0.000000
0.000000
0.000000
0.000000
0.000000
0.500000
0.000000
0.000000
0.000000
0.000000
0.000000
0.000000
0.000000
0.000000
0.000000
0.000000
0.000000
0.000000
0.000000
0.000000
0.000000
0.000000
0.500000
0.000000
0.000000
0.000000
0.000000
0.000000
0.000000
0.000000
0.000000
0.000000
0.000000
0.000000
0.000000
0.000000
0.000000
0.000000
0.000000
0.500000
0.000000
0.000000
-1.000000
0.000000
0.000000
0.000000
-1.000000
0.000000
0.000000
0.000000
-1.000000
0.000000
0.000000
0.000000
-1.000000
0.000000
0.000000
0.000000
-1.000000
0.000000
0.000000
0.000000
-1.000000
0.000000
0.000000
0.000000
-1.000000
0.000000
0.000000
0.000000
-1.000000
0.000000
0.000000
0.000000
-1.000000
0.000000
0.000000
0.000000
-1.000000
0.000000
0.000000
0.000000
-1.000000
0.000000
0.000000
0.000000
-1.000000
0.000000
0.000000
0.000000
0.000000
0.000000
0.000000
0.000000
0.000000
0.000000
0.000000
0.000000
0.000000
0.000000
0.000000
0.000000
0.000000
0.000000
0.000000
0.000000
0.000000
0.000000
0.000000
0.000000
0.000000
0.000000
0.000000
0.000000
0.000000
0.000000
0.000000
0.000000
0.000000
0.000000
0.000000
0.000000
0.000000
0.000000
0.000000
0.000000
0.000000
0.000000
0.000000
0.000000
0.000000
0.000000
0.000000
0.000000
0.000000
0.000000
0.000000
0.000000
0.000000
0.000000
0.000000
0.000000
0.000000
0.000000
0.000000
0.000000
0.000000
0.000000
0.000000
0.000000
0.000000
0.000000
0.000000
0.000000
0.000000
0.000000
0.000000
0.000000
0.000000
0.000000
0.000000
0.000000
0.000000
---------END OF TABLE---------------
