======= TABLE 19 size: 128 values ======
flen: 128
lenmask: 127
lobits: 17
lomask: 131071
lodiv: 0.000000
cvtbas: 0.000000
cpscvt: 0.000000
loopmode1: 0
loopmode2: 0
begin1: 0
end1: 0
begin2: 0
end2: 0
soundend: 0
flenfrms: 128
nchnls: 1
fno: 19
gen01args.gen01: 0.000000
gen01args.ifilno: 0.000000
gen01args.iskptim: 0.000000
gen01args.iformat: 0.000000
gen01args.channel: 0.000000
gen01args.sample_rate: 0.000000
---------END OF HEADER--------------
0.512000
0.000000
0.000000
0.000000
0.000000
0.000000
0.000000
0.000000
9.000000
0.100000
0.667000
0.880000
0.927000
0.575000
0.437000
0.751000
0.030000
0.548000
0.000000
0.263000
0.000000
0.000000
0.000000
0.000000
31.000000
0.647000
0.076000
0.718000
0.981000
0.470000
0.626000
0.364000
0.000000
0.506000
0.490000
0.000000
0.000000
0.000000
0.000000
0.000000
23.000000
0.308000
0.194000
0.343000
0.729000
0.462000
0.468000
0.982000
0.000000
0.000000
0.000000
0.463000
0.000000
0.000000
0.000000
0.000000
40.000000
0.194000
1.000000
0.201000
1.000000
0.453000
0.385000
0.510000
0.000000
0.000000
1.000000
0.000000
0.917000
0.000000
0.000000
0.000000
0.000000
0.000000
0.036000
0.000000
0.000000
0.563000
0.000000
0.416000
0.000000
0.000000
0.000000
0.000000
0.000000
0.000000
0.000000
0.000000
0.000000
0.000000
0.000000
0.000000
0.000000
0.000000
0.000000
0.000000
0.000000
0.000000
0.000000
0.000000
0.000000
0.000000
0.000000
0.000000
0.000000
0.000000
0.000000
0.000000
0.000000
0.000000
0.000000
0.000000
0.000000
0.000000
0.000000
0.000000
0.000000
0.000000
0.000000
0.000000
0.000000
0.000000
0.000000
0.000000
0.000000
0.000000
0.000000
0.000000
0.000000
---------END OF TABLE---------------
