======= TABLE 49 size: 128 values ======
flen: 128
lenmask: 127
lobits: 17
lomask: 131071
lodiv: 0.000000
cvtbas: 0.000000
cpscvt: 0.000000
loopmode1: 0
loopmode2: 0
begin1: 0
end1: 0
begin2: 0
end2: 0
soundend: 0
flenfrms: 128
nchnls: 1
fno: 49
gen01args.gen01: 0.000000
gen01args.ifilno: 0.000000
gen01args.iskptim: 0.000000
gen01args.iformat: 0.000000
gen01args.channel: 0.000000
gen01args.sample_rate: 0.000000
---------END OF HEADER--------------
0.397000
0.000000
0.000000
0.000000
0.000000
0.000000
0.000000
0.000000
15.000000
0.887000
0.061000
0.391000
0.470000
0.575000
0.427000
0.888000
0.000000
0.548000
0.000000
0.000000
0.614000
0.000000
0.000000
0.000000
30.000000
0.336000
0.053000
0.989000
0.000000
0.470000
0.479000
0.207000
0.000000
0.443000
0.000000
0.000000
0.000000
0.618000
0.000000
0.000000
30.000000
0.202000
0.091000
0.993000
0.000000
0.462000
0.510000
0.259000
0.000000
0.360000
0.574000
0.483000
0.000000
0.000000
0.000000
0.000000
22.000000
0.060000
0.831000
0.225000
0.524000
0.000000
0.343000
0.615000
0.000000
0.349000
0.542000
0.473000
0.000000
0.000000
0.000000
0.000000
22.000000
0.091000
0.776000
0.201000
0.508000
1.000000
0.301000
0.552000
0.000000
0.000000
0.000000
0.000000
0.000000
0.000000
0.000000
0.000000
0.000000
0.000000
0.000000
0.000000
0.000000
0.000000
0.000000
0.000000
0.000000
0.000000
0.000000
0.000000
0.000000
0.000000
0.000000
0.000000
0.000000
0.000000
0.000000
0.000000
0.000000
0.000000
0.000000
0.000000
24.000000
1.000000
0.100000
0.900000
-1.000000
0.000000
0.000000
0.000000
-1.000000
0.000000
0.000000
0.000000
-1.000000
0.000000
0.000000
0.000000
0.000000
---------END OF TABLE---------------
