======= TABLE 33 size: 256 values ======
flen: 256
lenmask: 255
lobits: 16
lomask: 65535
lodiv: 0.000000
cvtbas: 0.000000
cpscvt: 0.000000
loopmode1: 0
loopmode2: 0
begin1: 0
end1: 0
begin2: 0
end2: 0
soundend: 0
flenfrms: 256
nchnls: 1
fno: 33
gen01args.gen01: 0.000000
gen01args.ifilno: 0.000000
gen01args.iskptim: 0.000000
gen01args.iformat: 0.000000
gen01args.channel: 0.000000
gen01args.sample_rate: 0.000000
---------END OF HEADER--------------
0.436000
0.000000
0.000000
0.000000
0.000000
0.000000
0.000000
0.000000
0.000000
72.000000
0.304000
0.601000
0.202000
0.842000
0.500000
0.510000
0.264000
0.000000
0.565000
0.000000
0.000000
0.000000
0.000000
0.000000
0.000000
0.000000
21.000000
0.236000
0.106000
0.310000
0.533000
0.500000
0.663000
0.076000
0.000000
0.000000
0.509000
0.000000
0.000000
0.000000
0.000000
0.000000
0.000000
23.000000
0.085000
0.298000
0.205000
0.567000
0.500000
0.604000
0.017000
0.000000
0.000000
0.285000
0.197000
0.000000
0.000000
0.000000
0.000000
0.000000
41.000000
0.286000
0.805000
0.388000
0.620000
0.500000
0.000000
0.428000
0.000000
0.000000
0.000000
0.000000
0.000000
0.000000
0.000000
0.000000
0.000000
0.000000
0.000000
0.000000
0.000000
0.000000
0.500000
0.000000
0.000000
0.000000
0.000000
0.000000
0.000000
0.000000
0.000000
0.000000
0.000000
0.000000
0.000000
0.000000
0.000000
0.000000
0.000000
0.500000
0.000000
0.000000
0.000000
0.000000
0.000000
0.000000
0.000000
0.000000
0.000000
0.000000
0.000000
0.000000
0.000000
0.000000
0.000000
0.000000
0.500000
0.000000
0.000000
0.000000
0.000000
0.000000
0.000000
0.000000
0.000000
0.000000
0.000000
0.000000
0.000000
0.000000
0.000000
0.000000
0.000000
0.500000
0.000000
0.000000
-1.000000
0.000000
0.000000
0.000000
-1.000000
0.000000
0.000000
0.000000
-1.000000
0.000000
0.000000
0.000000
-1.000000
0.000000
0.000000
0.000000
-1.000000
0.000000
0.000000
0.000000
-1.000000
0.000000
0.000000
0.000000
-1.000000
0.000000
0.000000
0.000000
-1.000000
0.000000
0.000000
0.000000
-1.000000
0.000000
0.000000
0.000000
-1.000000
0.000000
0.000000
0.000000
-1.000000
0.000000
0.000000
0.000000
-1.000000
0.000000
0.000000
0.000000
0.000000
0.000000
0.000000
0.000000
0.000000
0.000000
0.000000
0.000000
0.000000
0.000000
0.000000
0.000000
0.000000
0.000000
0.000000
0.000000
0.000000
0.000000
0.000000
0.000000
0.000000
0.000000
0.000000
0.000000
0.000000
0.000000
0.000000
0.000000
0.000000
0.000000
0.000000
0.000000
0.000000
0.000000
0.000000
0.000000
0.000000
0.000000
0.000000
0.000000
0.000000
0.000000
0.000000
0.000000
0.000000
0.000000
0.000000
0.000000
0.000000
0.000000
0.000000
0.000000
0.000000
0.000000
0.000000
0.000000
0.000000
0.000000
0.000000
0.000000
0.000000
0.000000
0.000000
0.000000
0.000000
0.000000
0.000000
0.000000
0.000000
0.000000
0.000000
0.000000
0.000000
---------END OF TABLE---------------
