======= TABLE 10 size: 128 values ======
flen: 128
lenmask: 127
lobits: 17
lomask: 131071
lodiv: 0.000008
cvtbas: 0.000000
cpscvt: 0.000000
loopmode1: 0
loopmode2: 0
begin1: 0
end1: 0
begin2: 0
end2: 0
soundend: 0
flenfrms: 128
nchnls: 1
fno: 10
gen01args.gen01: 0.000000
gen01args.ifilno: 0.000000
gen01args.iskptim: 0.000000
gen01args.iformat: 0.000000
gen01args.channel: 0.000000
gen01args.sample_rate: 0.000000
---------END OF HEADER--------------
0.428000
0.000000
0.000000
0.000000
0.853000
1.000000
0.000000
0.000000
22.000000
0.132000
0.738000
0.329000
0.880000
0.541000
0.000000
0.597000
0.000000
1.000000
0.000000
0.073000
0.000000
0.000000
0.000000
0.000000
30.000000
0.194000
0.887000
1.000000
0.000000
0.005000
0.000000
1.000000
0.000000
1.000000
0.000000
0.000000
0.000000
0.039000
0.000000
0.000000
30.000000
0.155000
0.863000
1.000000
0.000000
1.000000
0.000000
1.000000
0.218000
1.000000
0.981000
1.000000
0.000000
0.000000
0.000000
0.000000
29.000000
0.091000
0.225000
0.603000
1.000000
0.000000
0.000000
0.000000
0.281000
0.000000
0.000000
0.000000
1.000000
0.000000
0.200000
0.000000
12.000000
0.555000
0.413000
0.752000
0.232000
0.000000
0.000000
0.000000
0.000000
0.000000
0.000000
0.000000
0.000000
0.000000
0.000000
0.000000
0.000000
0.000000
0.000000
0.000000
0.000000
0.000000
0.000000
0.000000
0.000000
0.000000
0.000000
0.000000
0.000000
0.000000
0.000000
0.000000
0.000000
0.000000
0.000000
0.000000
0.000000
0.000000
0.000000
0.000000
0.000000
0.000000
0.000000
0.000000
0.000000
0.000000
0.000000
0.000000
0.000000
0.000000
0.000000
0.000000
0.000000
0.000000
0.000000
0.000000
0.000000
---------END OF TABLE---------------
