======= TABLE 14 size: 128 values ======
flen: 128
lenmask: 127
lobits: 17
lomask: 131071
lodiv: 0.000000
cvtbas: 0.000000
cpscvt: 0.000000
loopmode1: 0
loopmode2: 0
begin1: 0
end1: 0
begin2: 0
end2: 0
soundend: 0
flenfrms: 128
nchnls: 1
fno: 14
gen01args.gen01: 0.000000
gen01args.ifilno: 0.000000
gen01args.iskptim: 0.000000
gen01args.iformat: 0.000000
gen01args.channel: 0.000000
gen01args.sample_rate: 0.000000
---------END OF HEADER--------------
0.544000
0.000000
0.000000
0.466000
0.320000
0.366000
0.000000
0.000000
9.000000
0.266000
0.691000
0.069000
0.927000
0.490000
0.448000
0.406000
0.365000
0.595000
0.000000
0.000000
0.000000
0.000000
0.000000
0.000000
25.000000
0.997000
0.360000
0.989000
0.029000
0.470000
0.531000
0.018000
0.000000
0.000000
0.395000
0.000000
0.000000
0.000000
0.000000
0.000000
30.000000
0.021000
0.084000
0.993000
0.000000
0.462000
0.615000
0.000000
0.000000
0.538000
0.000000
0.000000
0.000000
0.000000
0.000000
0.000000
25.000000
0.000000
0.862000
0.988000
0.862000
0.453000
0.395000
0.825000
0.000000
0.000000
0.521000
0.000000
0.414000
0.000000
0.000000
0.000000
40.000000
0.079000
0.563000
0.201000
1.000000
0.563000
0.395000
0.804000
0.000000
0.000000
0.165000
0.000000
0.000000
0.828000
0.000000
0.000000
19.000000
0.618000
0.862000
0.720000
0.492000
0.523000
0.018000
0.825000
0.000000
0.000000
0.000000
0.000000
0.000000
0.000000
0.000000
0.000000
0.000000
0.000000
0.000000
0.000000
0.000000
0.000000
0.000000
0.000000
0.000000
0.000000
0.000000
0.000000
0.000000
0.000000
0.000000
0.000000
0.000000
0.000000
0.000000
0.000000
0.000000
0.000000
0.000000
0.000000
0.000000
---------END OF TABLE---------------
