======= TABLE 25 size: 128 values ======
flen: 128
lenmask: 127
lobits: 17
lomask: 131071
lodiv: 0.000000
cvtbas: 0.000000
cpscvt: 0.000000
loopmode1: 0
loopmode2: 0
begin1: 0
end1: 0
begin2: 0
end2: 0
soundend: 0
flenfrms: 128
nchnls: 1
fno: 25
gen01args.gen01: 0.000000
gen01args.ifilno: 0.000000
gen01args.iskptim: 0.000000
gen01args.iformat: 0.000000
gen01args.channel: 0.000000
gen01args.sample_rate: 0.000000
---------END OF HEADER--------------
0.533000
0.000000
0.000000
0.000000
0.000000
0.000000
0.000000
0.000000
13.000000
0.321000
0.643000
0.801000
0.927000
0.575000
0.512000
0.000000
0.000000
0.443000
0.000000
0.000000
0.257000
0.000000
0.000000
0.000000
30.000000
0.269000
0.745000
0.855000
0.000000
0.493000
0.490000
0.259000
0.000000
0.684000
0.269000
0.000000
0.000000
0.000000
0.000000
0.000000
3.000000
0.879000
0.383000
0.000000
0.000000
0.473000
0.000000
0.458000
0.057000
0.000000
0.511000
0.000000
0.000000
0.000000
0.000000
0.000000
21.000000
0.099000
0.335000
0.304000
1.000000
0.469000
0.542000
0.458000
0.000000
0.000000
0.000000
0.000000
0.000000
0.000000
0.000000
0.000000
0.000000
0.000000
0.000000
0.000000
0.000000
0.000000
0.000000
0.000000
0.000000
0.000000
0.000000
0.000000
0.000000
0.000000
0.000000
0.000000
0.000000
0.000000
0.000000
0.000000
0.000000
0.000000
0.000000
0.000000
0.000000
0.000000
0.000000
0.000000
0.000000
0.000000
0.000000
0.000000
0.000000
0.000000
0.000000
0.000000
0.000000
0.000000
0.000000
0.000000
0.000000
0.000000
0.000000
0.000000
0.000000
0.000000
0.000000
0.000000
0.000000
0.000000
0.000000
0.000000
0.000000
0.000000
0.000000
0.000000
0.000000
---------END OF TABLE---------------
