======= TABLE 27 size: 256 values ======
flen: 256
lenmask: 255
lobits: 16
lomask: 65535
lodiv: 0.000000
cvtbas: 0.000000
cpscvt: 0.000000
loopmode1: 0
loopmode2: 0
begin1: 0
end1: 0
begin2: 0
end2: 0
soundend: 0
flenfrms: 256
nchnls: 1
fno: 27
gen01args.gen01: 0.000000
gen01args.ifilno: 0.000000
gen01args.iskptim: 0.000000
gen01args.iformat: 0.000000
gen01args.channel: 0.000000
gen01args.sample_rate: 0.000000
---------END OF HEADER--------------
0.304000
0.000000
0.000000
0.000000
0.000000
0.000000
0.000000
0.000000
0.000000
83.000000
0.693000
0.378000
0.000000
0.000000
0.500000
0.331000
0.000000
0.000000
0.510000
0.000000
0.000000
0.273000
0.000000
0.000000
0.000000
0.000000
56.000000
0.329000
0.505000
0.459000
0.000000
0.500000
0.414000
0.000000
0.000000
0.000000
0.564000
0.000000
0.000000
0.000000
0.000000
0.000000
0.000000
30.000000
0.771000
0.632000
0.168000
0.000000
0.500000
0.000000
0.637000
0.000000
0.000000
0.376000
0.000000
0.000000
0.000000
0.000000
0.000000
0.000000
33.000000
0.147000
0.787000
0.703000
1.000000
0.500000
0.472000
0.000000
0.000000
0.000000
0.000000
0.000000
0.000000
0.000000
0.000000
0.000000
0.000000
0.000000
0.000000
0.000000
0.000000
0.000000
0.500000
0.000000
0.000000
0.000000
0.000000
0.000000
0.000000
0.000000
0.000000
0.000000
0.000000
0.000000
0.000000
0.000000
0.000000
0.000000
0.000000
0.500000
0.000000
0.000000
0.000000
0.000000
0.000000
0.000000
0.000000
0.000000
0.000000
0.000000
0.000000
0.000000
0.000000
0.000000
0.000000
0.000000
0.500000
0.000000
0.000000
0.000000
0.000000
0.000000
0.000000
0.000000
0.000000
0.000000
0.000000
0.000000
0.000000
0.000000
0.000000
0.000000
0.000000
0.500000
0.000000
0.000000
-1.000000
0.000000
0.000000
0.000000
-1.000000
0.000000
0.000000
0.000000
-1.000000
0.000000
0.000000
0.000000
-1.000000
0.000000
0.000000
0.000000
-1.000000
0.000000
0.000000
0.000000
-1.000000
0.000000
0.000000
0.000000
-1.000000
0.000000
0.000000
0.000000
-1.000000
0.000000
0.000000
0.000000
-1.000000
0.000000
0.000000
0.000000
-1.000000
0.000000
0.000000
0.000000
-1.000000
0.000000
0.000000
0.000000
-1.000000
0.000000
0.000000
0.000000
0.000000
0.000000
0.000000
0.000000
0.000000
0.000000
0.000000
0.000000
0.000000
0.000000
0.000000
0.000000
0.000000
0.000000
0.000000
0.000000
0.000000
0.000000
0.000000
0.000000
0.000000
0.000000
0.000000
0.000000
0.000000
0.000000
0.000000
0.000000
0.000000
0.000000
0.000000
0.000000
0.000000
0.000000
0.000000
0.000000
0.000000
0.000000
0.000000
0.000000
0.000000
0.000000
0.000000
0.000000
0.000000
0.000000
0.000000
0.000000
0.000000
0.000000
0.000000
0.000000
0.000000
0.000000
0.000000
0.000000
0.000000
0.000000
0.000000
0.000000
0.000000
0.000000
0.000000
0.000000
0.000000
0.000000
0.000000
0.000000
0.000000
0.000000
0.000000
0.000000
0.000000
---------END OF TABLE---------------
