======= TABLE 37 size: 256 values ======
flen: 256
lenmask: 255
lobits: 16
lomask: 65535
lodiv: 0.000000
cvtbas: 0.000000
cpscvt: 0.000000
loopmode1: 0
loopmode2: 0
begin1: 0
end1: 0
begin2: 0
end2: 0
soundend: 0
flenfrms: 256
nchnls: 1
fno: 37
gen01args.gen01: 0.000000
gen01args.ifilno: 0.000000
gen01args.iskptim: 0.000000
gen01args.iformat: 0.000000
gen01args.channel: 0.000000
gen01args.sample_rate: 0.000000
---------END OF HEADER--------------
0.527000
0.000000
0.000000
0.000000
0.000000
0.000000
0.000000
0.000000
0.000000
7.000000
0.944000
0.944000
0.795000
0.591000
0.500000
0.604000
0.000000
0.000000
0.478000
0.000000
0.000000
0.000000
0.000000
0.000000
0.000000
0.000000
16.000000
0.127036
0.765000
0.644100
0.032000
0.500000
0.463000
0.029000
0.000000
0.000000
0.567000
0.000000
0.000000
0.000000
0.000000
0.000000
0.000000
15.000000
0.604000
0.000000
0.000000
0.000000
0.500000
0.628000
0.461000
0.000000
0.000000
0.000000
0.292602
0.000000
0.000000
0.000000
0.000000
0.000000
0.000000
0.285800
0.295100
0.053900
0.926000
0.406000
0.000000
0.000000
0.000000
0.000000
0.000000
0.642000
0.000000
0.000000
0.000000
0.000000
0.336000
33.000000
0.125200
0.326939
0.580000
0.533300
0.506000
0.510000
0.000000
0.000000
0.000000
0.000000
0.000000
0.000000
0.386000
0.000000
0.000000
0.000000
19.000000
0.808700
0.300000
0.688100
0.094500
0.500000
0.531000
0.000000
0.000000
0.000000
0.000000
0.000000
0.000000
0.000000
0.369000
0.000000
0.689000
23.000000
0.898600
0.258600
0.648100
0.972800
0.500000
0.555000
0.000000
0.000000
0.000000
0.000000
0.000000
0.000000
0.000000
0.000000
0.505000
0.000000
40.000000
0.088700
0.800000
0.218600
0.367000
0.500000
0.496000
0.603004
-1.000000
0.000000
0.000000
0.000000
-1.000000
0.000000
0.000000
0.000000
-1.000000
0.000000
0.000000
0.000000
-1.000000
0.000000
0.000000
0.000000
-1.000000
0.000000
0.000000
0.000000
-1.000000
0.000000
0.000000
0.000000
-1.000000
0.000000
0.000000
0.000000
-1.000000
0.000000
0.000000
0.000000
25.000000
1.000000
0.100000
1.000000
127.000000
1.000000
0.600000
0.700000
122.000000
0.000000
0.800000
0.970000
90.000000
0.000000
0.300000
1.000000
0.000000
0.000000
0.000000
0.000000
0.000000
0.000000
0.000000
0.000000
0.000000
0.000000
0.000000
0.000000
0.000000
0.000000
0.000000
0.000000
0.000000
0.000000
0.000000
0.000000
0.000000
0.000000
0.000000
0.000000
0.000000
0.000000
0.000000
0.000000
0.000000
0.000000
0.000000
0.000000
0.000000
0.000000
0.000000
0.000000
0.000000
0.000000
0.000000
0.000000
0.000000
0.000000
0.000000
0.000000
0.000000
0.000000
0.000000
0.000000
0.000000
0.000000
0.000000
0.000000
0.000000
0.000000
0.000000
0.000000
0.000000
0.000000
0.000000
0.000000
0.000000
0.000000
0.000000
0.000000
0.000000
0.000000
0.000000
0.000000
0.000000
0.000000
0.000000
0.000000
0.000000
---------END OF TABLE---------------
